1000 5000
299 938 6
784 804 20
759 543 76
976 369 84
212 532 96
626 614 57
320 2 90
713 134 87
40 255 12
202 671 22
90 322 12
895 106 68
566 217 12
841 193 33
176 405 65
271 384 32
779 704 34
820 769 20
559 809 75
70 363 46
244 454 20
355 701 26
975 268 43
786 109 89
318 286 46
734 909 30
765 41 34
151 861 3
670 420 65
797 843 28
594 439 34
714 794 36
939 769 56
734 907 17
722 225 55
819 312 65
949 429 58
782 580 19
737 603 92
501 400 87
980 994 26
914 708 72
901 0 94
156 86 1
872 160 79
579 979 91
843 928 20
852 63 53
370 152 56
13 5 8
499 985 54
776 251 15
848 152 67
41 308 53
141 533 65
819 112 44
161 307 25
581 159 40
933 881 44
240 247 49
299 746 86
352 523 38
818 723 90
284 764 51
188 257 36
252 429 48
648 590 7
972 523 18
63 808 51
306 400 98
906 699 45
491 404 20
328 222 95
318 859 11
968 47 68
503 300 49
502 948 92
160 272 15
977 335 76
379 993 76
677 899 28
73 742 32
344 71 6
338 389 65
448 709 13
167 564 65
316 418 13
407 578 37
373 907 24
148 286 69
676 963 68
903 36 10
886 732 33
91 70 74
156 518 83
620 38 99
384 706 17
448 465 95
784 838 54
807 339 41
175 15 56
794 270 93
155 156 25
588 247 48
113 755 18
996 375 56
146 759 62
363 207 79
509 343 18
563 502 9
255 677 76
910 823 46
954 331 54
731 271 53
578 384 9
295 732 36
403 879 48
216 242 55
495 751 51
964 666 53
772 921 83
299 832 6
744 786 89
697 517 60
601 447 97
909 95 29
297 850 8
444 66 50
150 913 54
200 229 72
753 353 94
335 652 78
92 396 16
533 445 86
892 47 33
340 308 80
169 605 30
876 401 49
178 552 14
231 752 44
654 857 97
999 544 50
176 637 98
844 522 96
29 766 95
13 107 55
93 276 61
374 152 62
74 330 14
688 913 19
883 920 76
79 919 21
280 448 10
878 292 32
625 321 98
419 686 57
873 131 33
285 506 38
99 580 20
464 620 86
582 503 6
558 935 25
430 215 73
939 445 17
322 70 38
471 489 77
728 715 8
612 0 66
649 99 99
369 564 19
706 498 75
611 408 10
787 838 25
412 129 71
328 451 93
918 923 83
194 3 98
953 615 50
219 617 50
769 338 66
587 44 64
613 655 73
222 794 63
47 206 93
669 887 44
361 157 19
895 703 74
144 656 90
394 227 59
95 996 97
712 936 41
827 549 48
999 772 42
714 171 1
206 840 40
501 553 97
72 449 100
645 593 8
186 339 36
344 434 84
840 146 20
732 974 22
279 325 46
973 391 17
873 597 9
12 451 62
660 523 63
659 520 57
18 707 48
253 403 83
189 596 81
60 328 7
481 960 85
26 933 76
94 806 26
354 170 77
168 182 52
430 841 72
638 859 31
186 465 35
520 654 31
352 714 11
159 548 71
995 926 4
222 21 62
47 727 84
675 895 66
826 326 59
498 964 71
228 502 36
714 22 42
796 375 8
559 886 56
929 881 83
585 455 56
46 503 83
382 530 79
547 357 57
906 207 21
476 787 24
863 854 98
256 650 25
363 209 11
371 491 44
953 76 100
260 474 55
294 856 85
872 404 94
128 662 53
701 490 41
776 705 95
225 961 97
50 676 59
760 47 50
704 0 78
455 612 52
61 907 61
197 131 17
43 260 79
95 313 21
287 441 26
981 666 39
30 716 15
640 477 63
741 533 15
918 340 28
921 401 35
781 950 66
397 993 78
27 89 43
147 376 84
324 710 51
462 92 67
629 732 96
491 473 81
705 391 21
532 664 74
618 446 77
836 195 70
665 223 59
808 722 88
743 47 98
993 861 90
312 490 74
459 981 47
492 39 90
864 923 54
638 894 100
66 730 96
135 747 71
646 555 93
533 651 92
482 996 54
171 660 96
296 120 30
542 964 69
531 828 92
536 818 38
636 884 68
283 20 68
505 666 75
97 199 26
89 33 23
294 204 83
989 852 55
18 394 19
86 277 48
430 813 66
667 801 51
987 436 23
406 941 89
380 39 40
6 480 73
980 774 29
614 763 81
369 782 27
439 220 56
338 2 69
56 670 23
306 9 59
280 415 53
920 795 44
759 153 24
983 133 98
763 748 13
395 469 47
421 908 68
428 599 70
896 655 92
870 313 53
281 593 20
633 513 68
376 624 21
951 607 7
300 722 7
412 117 76
11 890 36
478 318 35
299 566 90
143 437 3
347 718 48
967 703 61
86 431 85
6 382 44
764 682 66
270 446 35
597 457 25
185 287 43
371 939 62
213 434 99
367 781 69
115 100 72
375 186 55
612 545 37
807 309 71
373 932 69
407 881 79
684 418 66
926 790 57
87 3 91
37 722 25
57 837 25
780 565 64
934 529 9
822 336 70
392 61 54
113 469 36
291 505 54
108 431 96
865 871 51
407 260 74
731 318 11
508 98 28
471 33 57
331 855 46
852 600 7
306 65 76
993 356 33
98 464 65
346 329 88
596 89 100
569 820 18
732 680 69
811 503 54
68 186 61
365 39 61
371 697 26
199 690 34
531 140 99
647 486 80
986 435 69
586 4 42
855 88 22
223 900 26
976 320 12
937 685 3
849 56 100
827 607 42
160 139 83
310 786 21
790 773 56
710 711 13
451 566 1
225 790 53
150 118 73
613 407 10
116 609 19
667 436 26
909 948 65
643 611 4
215 753 77
871 463 88
235 267 6
335 492 48
40 994 67
64 607 26
774 75 35
892 95 23
617 356 24
834 999 35
837 566 40
965 437 3
804 24 70
209 360 14
757 752 8
775 816 68
200 590 95
587 834 90
761 804 46
884 638 97
970 827 64
809 792 53
464 596 78
385 805 90
799 914 42
206 689 58
573 890 1
368 829 35
257 590 39
855 827 29
451 797 56
966 959 100
919 775 48
896 160 6
937 959 20
378 166 10
987 739 52
187 459 81
222 69 71
412 924 98
241 727 48
248 694 59
400 965 34
147 213 94
52 150 54
224 880 20
85 867 11
836 407 23
416 629 92
938 393 68
288 986 95
435 235 41
893 635 6
478 134 71
871 539 21
576 763 53
447 848 21
410 36 28
832 452 9
323 742 2
442 30 41
288 465 76
829 710 63
686 188 97
757 412 88
329 988 51
782 788 51
454 198 87
533 30 91
241 705 34
694 147 64
134 435 82
161 616 44
823 303 33
972 412 97
659 93 37
462 875 25
464 329 23
151 862 5
993 455 10
226 502 9
842 988 97
923 150 13
66 325 68
750 649 80
198 661 26
635 123 1
211 939 83
986 442 97
790 436 5
652 14 7
12 856 95
808 779 97
221 198 23
288 948 72
120 499 33
45 134 8
197 345 100
31 683 42
728 474 78
232 478 93
590 490 1
584 299 33
81 872 31
255 512 31
78 984 30
563 381 16
522 579 14
421 610 97
763 690 23
892 274 1
36 864 44
37 801 43
521 882 67
851 489 79
833 567 16
315 130 97
930 653 76
595 426 39
592 189 81
766 434 56
419 470 20
562 859 21
356 380 55
22 583 96
552 417 64
67 84 46
964 366 51
791 962 78
581 906 19
62 672 53
169 91 76
140 653 35
913 361 68
919 383 51
415 288 20
830 355 4
727 671 71
278 463 85
607 396 91
125 810 63
78 979 55
853 120 60
839 385 22
206 304 57
509 719 45
228 901 1
384 629 72
906 259 87
390 866 84
780 991 46
194 421 26
348 274 98
860 466 83
381 672 87
637 181 59
182 762 12
434 498 41
357 404 100
744 146 18
879 278 10
824 472 31
101 173 58
498 33 24
632 766 48
71 403 82
581 937 44
992 371 94
385 729 50
684 825 96
202 704 26
63 880 50
345 982 23
902 832 8
277 465 74
325 536 78
906 469 15
601 461 39
794 846 68
743 883 93
190 437 49
267 500 29
816 845 63
539 100 96
998 377 13
872 702 1
501 960 70
67 561 31
5 707 30
24 802 13
868 344 50
416 611 2
197 428 47
311 319 47
906 669 77
318 541 79
618 42 92
739 462 5
970 467 13
751 844 15
63 712 12
164 481 23
765 30 3
563 341 74
462 600 44
738 918 85
68 889 80
359 980 42
564 302 61
828 53 57
894 116 70
305 632 3
680 749 33
834 313 26
308 127 26
451 217 97
487 285 38
918 997 18
811 913 21
524 93 74
80 987 43
349 645 75
803 677 77
287 511 90
113 819 69
538 622 86
586 462 23
523 380 72
793 544 37
13 68 30
638 148 70
732 850 67
459 5 44
935 293 55
724 406 27
992 296 49
829 883 11
951 758 44
423 551 40
159 916 60
341 555 8
862 287 10
28 98 16
871 33 9
225 109 67
103 453 15
252 282 98
214 586 9
909 9 60
500 520 29
159 213 36
319 75 75
328 103 74
695 326 7
355 904 17
773 7 70
488 259 5
437 826 91
145 735 52
757 236 24
285 747 38
720 66 13
794 395 69
967 442 95
526 150 99
194 923 7
315 411 18
719 849 44
61 994 32
412 103 20
636 388 67
425 460 86
937 607 33
257 574 75
552 452 25
102 646 49
660 962 60
830 33 61
473 95 56
556 507 59
227 495 100
646 920 60
131 210 67
363 467 94
389 371 98
566 826 45
314 486 59
825 316 92
186 142 87
893 50 95
703 630 90
254 628 63
914 111 73
532 474 40
77 215 64
427 781 90
71 447 28
29 273 97
372 811 91
459 56 41
405 759 23
846 14 51
208 280 62
780 164 88
172 594 4
287 21 37
228 444 85
655 473 10
751 197 21
341 656 77
334 61 88
956 908 2
559 468 34
920 249 99
108 773 45
863 412 66
399 640 10
383 295 35
992 399 32
764 92 89
592 778 2
180 735 10
133 294 31
367 566 80
117 674 5
461 889 17
178 289 57
987 24 4
621 369 55
804 485 48
292 78 78
546 610 65
707 743 11
337 462 78
568 931 4
572 744 94
340 922 35
748 909 11
804 882 32
258 687 18
157 331 48
835 877 58
599 585 53
362 922 68
339 491 99
694 415 44
587 108 66
473 856 28
736 660 62
719 271 1
836 428 85
735 615 14
244 567 51
849 929 74
916 620 17
914 314 84
9 254 92
675 79 1
954 815 13
467 535 84
668 723 65
904 811 32
17 55 99
68 904 80
393 820 100
561 87 67
496 96 21
188 123 100
440 429 68
352 897 3
888 917 78
204 821 89
135 190 97
986 258 53
117 651 26
517 564 13
935 61 61
255 601 85
6 393 14
573 745 63
675 985 80
205 541 53
193 677 44
941 15 54
594 132 58
419 1 22
683 936 83
43 543 36
879 550 29
145 123 27
307 151 64
739 708 6
991 253 35
786 195 50
840 789 34
897 560 88
870 595 76
553 638 20
540 870 22
569 15 45
695 322 48
158 413 56
515 405 10
549 543 57
950 383 98
484 632 58
371 503 5
898 408 43
617 948 65
590 517 80
687 564 55
934 75 68
242 590 25
803 140 69
559 90 52
456 926 37
265 649 40
669 548 48
63 517 96
328 108 66
959 795 82
913 81 57
281 675 100
405 478 92
425 37 82
829 845 61
865 110 10
404 131 10
351 195 28
598 875 88
715 834 35
749 100 16
857 733 92
556 490 22
747 916 12
381 745 57
941 610 20
502 14 3
612 717 50
591 667 25
678 735 12
912 484 64
579 341 97
570 250 87
744 349 3
955 82 100
363 375 10
234 878 76
237 842 45
138 433 65
563 111 100
526 375 36
589 954 29
737 877 31
23 621 81
578 928 63
229 643 39
139 878 69
766 467 11
463 605 44
827 520 7
278 46 34
565 987 88
193 76 17
424 452 90
356 382 18
370 611 62
408 102 40
28 869 59
138 332 64
33 511 85
39 789 83
772 354 23
812 899 99
728 675 51
618 31 33
787 402 97
248 162 99
939 191 20
97 681 52
213 715 63
497 106 4
179 231 58
553 43 10
652 123 85
554 741 69
839 881 23
735 481 85
733 421 28
953 870 62
856 435 77
271 932 35
826 464 66
736 369 9
545 21 85
29 928 26
897 767 59
519 502 41
656 587 14
335 892 84
696 101 72
124 372 4
659 198 20
776 934 90
585 831 63
869 861 91
246 110 10
505 982 12
597 990 52
110 325 96
845 374 97
16 850 21
472 861 72
391 638 58
32 575 90
47 796 3
637 42 13
347 899 47
910 848 37
413 958 15
809 804 41
657 820 91
878 292 5
649 36 43
706 68 18
947 115 14
49 105 8
262 804 60
160 714 8
697 480 67
263 289 71
203 946 43
345 176 36
349 177 72
991 236 92
208 183 60
573 233 17
981 847 21
640 7 87
499 56 67
965 319 8
587 874 7
30 220 83
117 921 61
240 265 97
431 825 80
442 399 65
558 380 12
478 372 72
465 871 28
283 189 100
391 128 74
797 158 46
379 275 68
491 515 33
487 299 58
19 741 9
135 652 41
747 482 65
70 947 89
449 583 78
148 974 6
74 123 17
571 854 92
990 346 60
674 185 11
184 556 52
92 692 56
733 791 39
97 861 38
685 310 21
814 811 47
72 885 70
488 808 25
531 799 71
442 473 8
652 657 65
956 750 57
911 835 48
349 284 61
439 970 71
759 136 34
406 560 71
527 48 80
151 932 79
473 374 52
981 379 10
45 335 12
153 598 47
52 300 31
812 739 53
882 498 42
468 256 2
938 784 3
217 287 35
647 113 61
199 94 40
760 491 27
423 996 78
569 48 78
351 860 17
456 94 67
697 562 76
850 501 12
52 70 99
186 718 12
399 269 58
990 381 1
917 804 97
146 725 45
323 76 5
591 884 52
709 581 14
84 784 67
595 836 90
746 375 8
9 774 29
719 764 10
919 33 14
468 179 39
712 854 67
169 445 52
720 155 85
833 591 69
152 539 6
541 285 81
0 646 7
728 365 71
837 637 57
750 105 36
740 169 91
806 338 88
757 410 95
642 244 87
662 748 78
167 289 15
399 289 61
405 17 79
528 206 16
684 956 73
371 48 42
913 854 33
901 964 43
747 958 39
185 620 87
162 140 28
776 539 17
389 297 86
367 825 92
334 509 100
406 880 100
999 794 55
931 47 19
274 794 77
212 980 97
899 494 89
226 623 29
195 12 26
532 379 51
76 65 12
927 823 44
827 822 38
581 754 37
651 380 32
679 592 64
975 843 10
116 422 33
444 617 45
421 501 76
223 577 93
534 857 16
77 684 39
767 617 45
503 268 25
386 947 17
601 274 13
311 390 35
643 186 4
340 959 5
767 182 35
260 716 92
575 146 28
65 913 45
309 768 65
933 155 64
502 756 90
914 419 33
100 415 71
903 755 31
559 874 13
793 134 82
236 62 28
363 127 93
459 437 13
823 722 68
838 576 77
128 842 48
512 942 63
82 845 70
612 405 45
325 550 79
106 787 41
385 150 21
929 962 58
241 137 32
61 976 61
989 456 3
336 968 46
451 402 91
320 15 48
64 692 99
295 798 86
235 535 88
655 464 50
864 57 40
148 118 16
8 459 24
710 796 44
355 247 46
198 567 13
445 984 5
243 279 55
180 866 90
268 874 6
669 90 64
208 238 34
75 598 94
398 309 90
393 16 89
439 566 8
203 12 92
308 607 23
562 788 90
704 408 64
309 77 54
324 638 45
458 713 43
51 464 4
792 209 73
132 0 39
39 204 3
283 512 11
805 426 51
546 130 59
809 792 88
515 116 78
459 926 44
353 329 60
909 473 69
481 957 70
619 349 74
122 632 38
584 789 16
834 336 99
844 497 91
283 364 59
361 175 38
504 529 67
463 438 93
983 919 50
152 890 99
877 364 83
466 948 73
482 782 61
980 978 10
622 262 75
732 623 50
769 479 31
488 942 69
32 277 40
181 430 83
680 659 47
514 126 96
138 960 30
98 292 9
908 266 71
434 998 46
783 120 25
14 608 19
34 640 96
326 173 78
508 205 90
54 720 16
901 858 28
531 309 20
491 569 86
713 3 36
558 138 56
234 504 16
204 891 8
451 217 82
129 725 39
818 131 59
985 33 70
464 916 79
883 407 100
920 472 55
955 382 93
463 616 50
578 172 41
38 623 58
319 104 35
157 922 66
68 259 51
189 723 67
267 958 74
618 878 98
972 186 80
464 1 48
165 579 20
405 969 44
862 288 48
748 798 23
414 218 34
464 407 58
783 26 68
508 644 99
706 616 85
285 432 86
833 598 17
904 355 87
599 570 27
47 318 77
121 84 95
806 901 54
215 684 80
583 192 24
181 898 92
317 536 77
454 721 27
522 625 82
208 225 52
887 624 23
363 745 7
410 903 8
863 119 92
695 702 85
170 235 35
262 552 71
490 6 92
316 528 70
497 89 95
601 328 19
23 691 16
529 453 19
289 669 38
380 364 92
16 534 27
903 796 79
973 638 37
117 954 18
886 804 59
880 405 87
850 780 78
565 309 84
535 950 53
625 331 17
416 699 51
443 602 100
373 928 38
662 397 93
831 283 49
89 515 6
675 717 86
304 634 47
387 169 98
139 794 81
607 563 80
258 358 35
57 731 63
846 745 60
590 576 95
138 665 62
443 340 79
528 997 13
627 384 34
324 876 81
704 483 44
783 741 2
817 150 85
131 349 31
842 939 59
836 430 77
49 873 69
627 754 66
191 381 51
277 705 79
157 761 62
952 896 56
753 66 58
989 197 7
971 392 47
882 228 29
458 278 2
726 257 8
992 801 41
994 430 98
872 587 59
585 891 56
40 996 74
998 985 23
304 309 15
902 191 96
930 649 26
184 727 83
543 719 36
284 65 66
81 289 5
640 875 48
447 915 44
320 913 82
742 570 91
909 824 34
304 107 83
329 291 10
963 834 82
751 118 47
616 552 89
773 192 64
172 991 31
216 311 45
949 405 67
639 314 43
872 970 50
106 299 93
67 263 28
748 366 98
847 334 2
235 107 94
850 632 85
380 848 48
176 797 6
542 788 72
85 12 43
86 118 94
379 185 9
858 286 75
807 133 10
309 720 69
2 570 1
39 950 49
738 127 98
843 21 38
967 458 50
709 545 20
102 924 6
111 782 44
485 589 29
546 898 49
715 253 71
515 292 73
516 382 52
313 578 74
251 545 84
552 254 29
972 708 5
929 171 87
172 9 29
252 555 79
52 270 32
422 786 76
446 654 59
598 319 37
123 570 34
458 475 88
987 447 48
143 728 20
82 252 29
610 504 84
740 556 7
772 330 93
799 776 99
209 726 18
197 201 41
730 660 16
869 999 15
717 142 43
88 224 95
116 186 51
51 927 7
257 51 37
601 850 65
599 60 44
917 609 45
157 340 5
224 209 4
738 278 99
980 366 75
826 834 14
176 886 41
434 143 44
22 97 46
386 696 58
181 965 68
826 122 8
482 346 69
138 436 100
936 768 66
662 594 1
575 122 87
767 556 82
10 578 79
456 317 28
665 498 93
132 676 68
291 159 66
12 297 3
11 585 71
376 247 18
928 175 40
366 942 97
948 305 27
978 113 44
57 778 95
750 911 71
269 554 30
134 566 79
788 577 16
859 306 16
876 234 91
367 601 33
63 901 38
42 231 51
985 289 30
131 391 93
602 660 47
583 146 66
214 935 43
429 794 49
244 22 36
234 389 37
519 805 90
756 847 21
459 184 10
940 316 53
684 270 13
982 853 60
847 419 47
290 849 93
390 445 15
725 680 56
13 551 13
202 659 12
623 118 97
684 410 65
137 94 35
601 77 40
212 924 60
110 566 61
802 309 6
868 386 38
324 400 89
288 954 49
100 929 19
448 966 30
112 455 76
398 408 5
537 973 82
448 83 100
208 886 9
766 754 48
3 430 100
792 719 54
592 819 36
862 267 2
191 731 9
319 129 17
523 18 90
356 467 74
756 27 60
464 793 66
263 797 97
462 941 16
616 533 35
403 395 54
156 939 85
364 610 66
980 485 84
922 842 51
947 598 31
506 414 24
523 678 21
619 140 14
434 108 99
420 863 47
673 19 86
9 383 48
474 716 33
310 990 27
260 937 25
942 795 92
66 318 22
338 938 14
552 724 23
650 145 86
496 170 58
633 532 93
732 6 9
965 668 51
743 929 88
768 223 35
911 289 54
732 628 44
45 532 68
819 182 65
457 31 36
114 16 68
506 749 26
967 66 95
769 161 76
509 281 99
43 192 41
248 276 69
391 322 53
611 493 87
975 950 18
862 416 87
929 275 88
707 242 6
153 363 67
880 872 49
478 916 93
70 164 70
938 908 92
42 519 85
329 846 88
998 709 4
684 990 79
823 697 73
28 202 37
747 82 9
395 913 77
939 983 94
408 274 2
551 316 73
188 645 19
775 644 28
778 680 71
409 504 68
281 884 23
869 631 5
330 378 18
706 318 2
599 726 76
752 630 44
424 818 90
295 593 34
522 723 66
92 132 70
712 766 55
886 635 38
790 317 17
960 24 87
113 975 65
540 728 95
283 504 13
672 799 58
57 674 34
123 766 66
44 830 84
850 716 72
288 859 89
456 819 13
294 932 41
858 472 69
405 755 25
769 780 25
79 189 99
112 312 17
629 709 48
913 559 16
184 199 27
772 7 46
737 301 30
677 512 2
697 269 10
221 38 90
545 469 79
895 581 44
12 211 5
311 124 16
678 660 68
905 784 75
950 521 29
280 550 41
433 599 62
694 173 52
383 70 22
614 966 3
509 978 66
465 641 42
980 319 2
47 224 87
474 527 60
202 159 63
794 592 14
655 287 87
906 22 58
627 988 76
282 849 54
147 314 47
489 295 66
842 694 43
980 168 70
640 370 29
554 516 73
67 171 12
106 430 35
863 409 75
938 691 25
343 191 39
389 32 86
106 874 33
48 855 53
869 847 24
497 401 92
422 820 64
633 926 46
867 789 55
794 79 99
218 422 90
308 163 22
46 270 96
830 670 51
782 540 98
457 389 51
649 811 72
364 445 98
509 664 40
63 458 19
661 28 94
802 337 9
623 735 31
671 565 2
573 347 94
323 805 83
473 806 95
796 170 92
46 679 56
85 94 15
555 108 95
800 262 32
209 886 19
591 909 84
292 482 84
237 157 89
220 983 47
366 779 17
957 825 48
564 262 94
630 170 2
725 970 65
508 531 3
27 475 12
110 119 46
893 357 4
833 929 39
579 295 18
495 604 96
794 168 58
188 151 80
689 876 3
805 384 86
807 411 61
70 874 81
168 767 38
423 601 67
661 532 14
30 380 18
225 174 38
35 362 89
14 404 65
316 209 2
502 369 13
514 791 39
294 311 7
431 734 60
849 747 92
562 778 24
879 3 99
717 38 61
57 405 65
274 73 27
875 927 48
239 442 39
478 736 51
836 520 37
795 369 85
638 932 63
862 163 18
612 232 9
372 290 66
889 916 39
967 791 19
414 382 61
652 860 49
554 48 21
543 843 43
927 834 27
441 48 90
958 660 75
218 384 17
883 273 33
974 592 24
992 6 58
804 11 19
352 565 67
125 108 63
267 387 49
693 828 49
634 139 9
808 709 45
624 593 71
356 567 63
231 911 70
489 715 81
959 419 98
477 544 59
191 163 46
739 856 27
39 491 18
647 299 27
344 276 72
314 984 91
876 216 2
445 57 69
377 368 89
875 845 85
833 389 49
178 480 57
56 520 48
73 519 100
152 863 76
823 177 12
414 54 28
267 851 37
836 229 5
176 104 3
60 937 92
460 467 24
717 524 44
816 949 64
215 101 27
242 277 5
254 43 11
833 310 62
822 498 91
178 26 95
380 87 84
323 899 52
747 616 28
42 433 77
505 0 31
184 595 8
40 849 51
950 34 13
63 856 12
54 35 38
500 767 77
884 443 77
87 542 45
166 584 30
194 442 31
324 626 78
731 666 79
533 968 13
646 31 22
257 437 9
246 938 28
675 174 71
3 613 65
947 779 50
29 973 92
111 650 70
788 733 36
666 267 56
930 913 87
51 522 77
911 120 15
539 795 41
609 798 54
574 98 85
475 127 10
818 238 12
787 26 46
774 692 13
729 622 78
67 26 100
843 937 20
909 476 68
149 438 66
354 364 16
690 191 43
352 9 81
663 148 7
708 922 51
372 3 26
949 70 4
48 266 41
620 527 70
339 29 60
856 383 76
472 426 67
214 130 28
547 793 76
553 854 98
956 226 53
333 176 75
736 576 41
76 548 69
597 887 98
556 96 33
583 568 11
449 134 41
28 681 87
403 587 41
52 543 19
704 876 95
779 612 24
471 40 72
339 638 12
588 546 8
573 482 76
983 931 10
876 312 44
562 715 31
454 120 74
572 824 2
219 955 66
442 427 6
565 118 96
576 59 95
683 632 77
710 967 60
872 195 72
715 757 40
497 563 60
470 136 84
23 355 40
188 149 19
393 714 37
941 291 96
35 326 80
963 389 100
822 261 95
994 328 5
233 825 68
944 647 56
127 670 63
618 210 12
888 955 27
925 896 70
372 283 96
804 246 85
203 69 98
797 415 78
501 0 55
121 944 2
876 71 24
339 42 34
302 930 90
628 207 38
597 932 22
245 736 68
281 291 37
931 440 4
908 294 4
63 415 48
216 643 72
40 334 14
425 637 96
766 617 56
4 567 88
525 812 76
644 445 19
833 376 59
436 637 53
40 700 20
587 268 64
558 660 98
923 86 87
571 204 5
426 208 72
565 85 36
792 730 81
310 563 10
268 999 47
521 39 99
892 979 19
555 889 80
905 165 18
891 736 22
847 514 31
370 431 16
705 223 98
838 533 61
699 801 61
845 674 52
395 919 31
213 826 73
44 731 38
961 975 26
83 174 40
765 545 71
180 250 46
678 440 79
90 139 32
150 336 59
954 731 78
736 297 4
408 341 88
245 303 15
170 738 89
961 503 34
183 35 37
628 713 77
958 156 69
442 306 5
952 612 89
381 349 38
636 757 31
623 3 34
937 525 24
778 839 27
811 22 63
799 3 28
228 961 84
796 755 43
52 707 55
392 88 4
381 725 62
712 700 17
697 990 94
421 768 33
647 931 8
909 731 11
589 311 24
72 459 32
214 863 39
969 256 28
72 989 5
285 701 5
853 399 95
947 172 63
231 819 95
538 81 78
200 670 89
176 742 100
907 309 63
345 278 71
224 702 61
828 340 62
485 193 13
779 140 85
842 724 5
188 262 38
617 815 8
357 991 2
556 250 63
618 947 41
289 172 96
301 352 36
662 837 81
127 969 22
411 163 98
867 703 60
756 320 27
315 29 70
617 585 20
579 555 68
172 196 92
819 497 96
806 512 34
986 639 55
659 402 18
56 622 21
68 378 41
894 694 22
64 663 59
835 594 14
202 118 63
445 937 12
41 743 76
826 730 67
580 741 70
497 798 44
117 866 22
409 760 68
730 176 83
988 12 78
153 566 48
867 12 86
79 53 81
154 879 63
221 459 5
42 308 3
485 425 21
658 186 33
878 268 10
760 256 74
589 761 40
537 629 52
774 60 57
754 214 88
169 787 47
973 181 7
927 18 84
747 677 70
31 907 38
140 19 46
965 609 8
5 498 89
408 272 49
865 378 15
552 547 55
51 872 36
857 151 55
441 250 84
562 282 43
600 422 62
597 388 71
356 745 69
744 153 93
544 370 72
559 275 19
65 326 92
400 535 95
106 328 46
841 891 28
483 843 2
145 440 42
767 797 87
536 893 93
928 438 63
51 349 90
370 414 16
913 166 4
607 625 32
552 466 23
131 950 18
133 447 59
874 214 8
713 102 1
705 383 39
419 434 40
409 156 6
76 421 73
279 29 50
811 933 16
585 417 18
203 550 17
261 424 32
468 137 86
920 194 69
811 614 4
50 23 12
56 99 34
580 379 15
729 542 48
696 127 65
614 330 67
682 943 92
613 763 81
999 684 76
119 495 42
674 897 65
386 953 16
519 533 47
33 614 89
832 311 69
49 277 51
815 959 95
358 925 10
39 276 94
266 395 41
107 70 39
323 456 92
990 327 78
389 360 92
329 192 55
397 241 32
148 409 44
194 767 69
3 158 45
849 776 92
189 883 14
779 558 22
971 901 49
400 290 9
443 619 54
150 369 95
781 517 4
724 63 24
944 66 82
440 267 59
332 457 94
645 236 5
119 559 6
567 311 48
376 107 19
81 257 88
675 390 57
31 467 20
506 411 39
787 852 6
197 536 15
843 533 4
47 652 15
504 220 79
603 948 86
321 29 43
409 56 85
365 439 52
737 945 64
175 85 68
232 634 4
747 477 37
202 524 42
216 380 62
246 983 62
31 657 91
425 418 47
210 135 39
461 872 84
476 399 21
343 632 56
98 731 33
35 933 10
328 501 90
489 748 26
950 131 35
792 557 53
338 119 88
676 932 61
312 761 60
32 104 44
387 203 75
572 590 60
281 918 62
722 759 62
499 61 93
933 853 2
137 543 73
125 572 58
337 884 19
948 268 23
544 8 78
518 580 20
778 861 38
891 935 49
752 435 10
96 720 63
350 210 7
722 687 79
379 24 15
797 324 83
672 868 91
749 739 23
769 869 84
58 760 72
107 864 59
216 312 79
531 662 41
37 385 28
467 116 52
781 266 29
715 938 49
658 39 40
180 160 9
916 219 21
587 678 37
45 246 50
575 777 64
316 166 49
743 985 18
547 766 84
27 834 74
727 492 13
167 672 26
475 940 45
248 527 75
884 924 21
185 852 99
149 168 17
849 263 3
666 162 21
101 541 55
826 269 99
239 436 24
164 263 64
660 511 44
834 748 68
606 285 20
804 434 40
521 284 56
575 302 18
395 756 60
402 582 81
900 173 17
423 689 32
239 701 44
582 887 44
849 494 29
321 650 16
960 523 52
215 98 6
985 494 62
296 896 97
876 148 22
244 924 64
875 163 65
18 97 5
613 298 99
494 619 49
809 932 73
760 499 23
365 836 69
79 132 17
727 8 66
548 252 90
411 128 5
328 498 2
132 464 100
782 958 72
82 767 4
906 879 55
829 596 92
597 675 24
966 402 85
131 303 89
572 66 69
528 746 20
581 230 84
932 12 94
903 95 13
158 353 92
913 182 88
504 132 16
579 450 70
15 581 73
704 505 40
224 385 86
243 966 17
78 898 81
871 154 28
135 312 82
926 225 16
666 81 100
433 13 50
602 28 83
75 732 40
966 309 25
603 552 91
119 983 42
352 854 96
679 342 8
360 620 86
928 286 19
627 71 32
129 674 61
563 101 45
503 67 54
827 670 7
470 142 42
363 494 48
58 525 90
417 238 11
354 166 97
373 145 21
404 626 95
464 190 96
961 693 15
414 872 37
772 694 31
113 409 77
661 467 3
550 237 41
60 591 59
209 964 56
429 721 83
675 537 25
22 498 70
788 265 94
224 37 89
507 151 98
283 164 18
585 714 7
477 127 98
887 336 15
795 117 88
329 144 25
53 166 76
822 954 41
815 530 78
855 37 81
305 321 45
222 258 12
80 88 39
177 975 27
943 770 96
430 99 40
807 504 6
682 678 12
174 494 42
351 701 80
384 6 1
228 580 59
491 660 99
529 190 75
607 133 97
802 916 49
141 75 53
998 757 84
809 283 78
151 986 31
530 370 38
582 951 70
892 442 83
291 324 73
17 931 58
513 86 26
813 579 1
618 578 10
101 739 93
430 890 80
460 772 2
849 354 53
819 599 96
153 890 72
677 259 55
686 772 41
612 938 21
964 556 51
74 657 90
818 87 81
197 899 5
651 749 12
703 920 11
550 73 53
721 102 12
176 788 36
68 400 74
540 365 30
590 791 39
380 609 78
412 159 78
216 810 27
79 865 99
189 416 72
893 489 26
856 17 14
592 86 67
265 626 32
847 217 75
437 949 36
115 361 47
692 929 9
370 9 75
968 550 43
991 796 32
116 652 50
381 244 88
47 862 14
430 61 83
604 498 84
92 965 97
738 9 27
899 731 88
573 699 90
367 42 86
298 510 39
599 892 35
986 939 49
352 370 62
286 326 13
170 418 78
766 509 40
644 408 71
531 333 23
673 700 65
258 998 28
848 950 20
35 936 11
83 640 33
897 927 60
209 449 78
486 215 39
125 212 47
848 95 80
270 768 80
734 379 31
61 579 81
632 614 69
495 50 62
727 947 41
286 156 90
616 994 57
454 472 69
53 320 65
632 590 85
264 676 64
894 90 96
826 722 10
46 569 12
259 297 59
399 583 67
988 551 14
497 358 86
865 411 58
681 395 48
266 659 24
581 905 66
476 83 41
338 130 10
249 389 7
460 141 43
178 129 94
891 978 4
428 844 15
285 877 11
84 495 70
208 429 28
125 257 11
765 595 93
975 197 35
833 657 76
275 835 57
621 79 36
324 507 32
439 793 9
949 877 5
470 437 86
897 915 43
760 680 39
752 655 36
486 489 45
361 116 32
718 737 63
405 62 71
936 853 16
344 154 45
600 976 35
285 226 50
580 986 82
118 738 38
205 577 79
301 938 47
584 8 85
947 765 99
817 701 4
184 398 58
780 350 86
814 988 12
115 568 98
97 38 89
86 595 66
916 896 56
862 480 17
546 779 82
996 948 36
299 132 34
108 913 36
894 79 24
905 547 92
255 644 82
343 730 77
360 998 25
315 860 58
983 759 37
417 755 86
552 407 18
437 515 83
672 761 15
896 19 62
39 274 58
221 969 40
349 681 38
374 348 98
231 332 57
867 749 13
804 301 20
874 738 87
856 410 49
622 658 68
583 698 94
540 271 15
579 972 96
968 346 44
866 929 76
522 149 77
286 953 78
457 827 68
496 36 31
944 658 41
763 594 91
208 486 62
622 418 35
717 386 33
160 252 63
288 127 12
164 765 17
694 575 45
961 71 81
343 367 39
384 482 85
474 690 72
188 312 90
874 381 76
258 541 81
572 829 60
683 346 25
100 40 52
696 353 23
976 697 42
266 433 24
151 907 14
522 447 78
663 673 59
190 932 53
970 504 34
229 540 80
606 992 20
909 688 74
932 16 23
25 282 56
249 785 15
514 659 63
444 322 88
402 513 20
606 835 77
640 417 17
371 23 9
143 284 49
268 216 65
90 242 99
345 843 85
859 357 44
173 153 67
161 908 32
80 514 67
208 506 84
524 878 59
184 373 44
884 641 12
248 731 6
247 76 49
383 287 59
826 461 12
944 974 20
575 406 87
42 615 93
277 491 23
536 676 96
431 560 37
542 161 68
248 760 96
148 143 36
758 969 49
170 914 23
841 928 80
883 895 25
161 387 47
49 63 95
480 975 83
374 488 3
622 248 50
123 391 85
881 713 33
403 979 55
597 820 36
976 56 31
400 569 18
99 618 33
445 450 61
727 824 1
381 799 50
131 922 93
615 155 58
0 559 37
906 156 10
741 484 66
824 885 35
293 336 5
178 133 55
38 860 31
738 242 30
39 725 4
84 340 60
841 340 71
930 599 27
191 340 11
156 516 48
42 810 36
898 988 69
852 378 82
334 468 76
264 860 1
819 296 93
530 489 86
800 419 85
226 962 77
489 118 94
988 512 56
176 410 96
144 614 26
677 949 46
452 565 6
952 736 54
145 267 44
30 67 15
866 646 78
42 135 48
735 475 61
942 651 23
137 148 38
414 825 39
160 278 4
117 582 40
371 79 59
114 461 27
628 327 73
105 370 60
53 457 35
865 752 39
87 241 87
924 656 64
414 816 94
117 933 29
909 656 8
967 770 70
445 399 49
217 856 71
476 909 81
563 774 33
301 862 74
539 138 30
954 553 98
648 22 84
276 283 40
983 603 11
504 48 62
705 266 18
275 94 80
655 657 6
787 958 20
513 849 59
542 804 64
92 452 38
575 80 22
714 415 25
976 272 73
637 977 91
507 252 86
286 260 43
191 399 54
311 912 55
921 807 11
84 899 63
621 474 95
794 188 11
570 165 35
395 154 12
485 661 16
22 947 76
217 491 76
722 802 88
76 75 47
587 511 46
901 484 20
648 279 61
810 849 78
244 331 56
82 993 23
104 292 51
321 783 26
43 937 65
472 364 12
411 875 9
664 360 29
312 639 41
122 840 18
366 437 1
373 519 46
396 623 91
46 297 74
723 692 64
339 516 28
702 927 56
711 592 16
191 904 55
331 27 47
0 745 84
0 119 3
698 867 79
688 265 28
813 988 72
228 679 89
656 734 68
311 797 60
678 988 17
684 671 96
530 23 41
814 375 12
968 73 79
98 761 44
877 575 84
349 803 16
689 811 50
956 474 99
168 504 39
284 188 10
131 719 85
723 885 60
435 205 34
365 656 47
209 533 74
744 234 30
959 923 93
260 232 20
358 400 24
796 36 13
257 167 84
741 890 69
953 677 26
238 43 34
284 604 68
258 348 54
739 660 30
31 920 62
150 631 14
774 427 50
586 37 69
469 130 11
589 83 89
266 321 32
600 958 36
819 568 36
624 307 96
353 338 17
314 489 48
27 615 27
128 201 16
396 22 47
907 963 82
95 581 56
678 181 14
865 352 82
400 977 89
596 682 79
64 349 68
163 728 35
41 857 36
957 253 10
355 512 25
188 959 7
343 989 40
808 854 93
841 607 22
181 555 4
860 619 53
379 134 82
514 175 91
201 484 96
911 839 9
287 380 20
893 723 10
33 884 16
877 725 23
698 907 30
553 119 1
758 498 35
691 364 11
481 566 95
876 829 87
136 116 67
356 10 42
565 395 26
332 272 4
707 322 63
636 227 82
537 985 32
571 676 97
133 157 63
180 386 92
66 522 8
684 878 70
25 795 65
603 128 89
906 835 11
820 471 39
501 360 76
32 932 53
928 417 62
390 597 48
33 15 23
441 51 1
210 77 97
727 32 77
515 290 12
626 110 35
316 963 96
991 995 80
695 276 49
909 18 99
508 52 14
630 845 66
631 55 95
779 134 79
407 650 69
870 276 31
804 944 94
451 287 41
382 335 17
731 244 36
29 752 40
342 383 85
59 366 92
205 497 27
383 256 77
203 126 5
133 282 49
378 734 88
619 116 23
487 847 67
374 876 72
313 571 7
97 982 25
289 540 74
967 923 30
943 479 56
547 964 38
447 343 24
634 314 41
157 801 40
275 176 69
146 489 92
104 939 74
428 580 14
601 547 90
382 490 69
937 389 33
127 188 28
50 822 42
442 331 96
682 959 72
150 457 13
893 562 52
266 342 32
532 944 79
73 326 21
741 616 10
725 743 98
405 145 73
46 588 56
841 622 15
164 124 25
977 17 87
80 635 29
412 519 25
642 592 52
363 685 20
824 411 15
474 816 60
298 214 100
453 408 74
920 572 98
844 901 67
682 982 55
510 746 74
987 740 67
790 455 52
209 632 15
723 106 83
734 756 50
686 561 58
259 481 82
309 677 84
727 359 18
781 222 16
707 561 56
873 351 12
76 560 44
43 635 2
177 369 58
526 407 71
635 667 53
317 328 82
252 55 94
169 189 68
536 896 29
291 121 80
854 549 92
49 944 27
350 122 48
759 0 56
730 636 23
534 305 3
15 557 10
560 78 99
327 614 47
655 257 68
686 112 70
277 513 14
503 216 36
451 975 89
806 57 25
180 943 30
234 959 39
343 871 69
642 199 35
540 206 92
560 893 56
129 522 22
642 26 38
630 829 13
618 987 23
594 519 66
875 753 77
713 96 49
333 90 100
567 631 6
410 191 51
718 672 74
539 314 52
576 296 33
940 914 20
362 508 39
728 383 44
756 448 40
304 781 83
403 700 66
61 463 57
963 533 29
388 72 95
191 0 92
823 292 6
794 655 67
284 735 2
527 491 51
219 148 84
1 903 37
766 316 52
74 632 85
54 20 57
348 564 9
939 387 1
797 182 8
515 466 95
616 346 39
518 565 87
554 566 42
642 684 59
193 758 43
277 812 63
785 160 27
645 452 67
445 601 1
605 116 19
499 84 65
237 955 82
475 509 48
617 503 32
427 696 42
869 325 54
683 110 67
62 755 19
828 552 72
480 157 40
598 657 24
415 246 31
796 722 92
96 339 95
79 118 91
821 987 68
374 22 78
440 84 85
310 264 90
133 744 47
72 695 56
448 110 3
778 258 25
970 706 16
664 786 86
407 607 73
474 333 95
4 126 32
288 436 96
829 570 41
176 994 36
883 442 98
837 221 8
513 191 15
528 207 1
13 614 60
837 441 93
684 445 19
615 85 8
810 915 30
102 91 24
89 326 67
186 164 88
246 677 31
12 558 38
212 923 5
723 113 46
215 149 91
186 764 76
945 926 91
274 29 34
597 118 13
715 657 77
54 903 6
584 915 16
674 479 92
378 554 5
523 121 54
465 307 70
140 252 96
83 878 25
468 476 96
180 543 53
56 598 8
314 182 75
129 208 54
572 586 60
776 461 81
481 926 41
302 419 93
698 854 24
474 322 52
369 503 95
921 911 93
80 225 28
154 707 36
59 631 23
518 760 36
99 241 63
339 544 34
183 594 88
906 68 10
809 790 65
904 63 77
596 144 54
175 298 13
611 710 45
633 228 5
820 679 98
934 18 94
467 554 88
206 812 9
268 622 99
832 526 14
660 474 58
66 650 9
178 261 19
274 246 99
778 66 79
228 353 49
221 820 3
161 27 16
169 295 90
319 479 68
532 140 42
242 206 44
250 736 57
320 11 3
618 141 22
948 369 75
297 943 47
199 104 26
266 625 73
955 944 53
522 828 45
916 70 3
959 672 39
616 344 2
870 315 44
543 263 65
569 560 8
416 760 12
641 378 37
514 686 33
218 208 62
414 476 84
816 436 9
954 404 53
808 274 20
451 818 84
815 387 44
123 155 56
886 797 87
275 663 73
607 233 33
120 647 10
704 463 46
312 769 50
616 929 76
236 380 94
471 548 34
266 23 89
822 261 38
460 536 53
432 144 86
964 264 85
973 320 100
770 632 22
971 601 51
447 189 32
740 660 32
125 926 55
314 100 16
651 560 53
4 344 49
941 661 13
526 986 34
925 757 18
446 728 71
249 175 60
80 268 72
163 393 99
269 707 51
284 711 64
188 67 8
588 8 21
253 886 8
886 164 65
855 962 45
778 211 21
889 643 41
661 806 34
711 75 94
861 712 57
276 252 24
36 841 32
456 94 71
863 332 35
379 539 97
624 317 9
396 207 52
436 220 59
221 931 86
66 144 98
622 421 51
245 457 44
229 265 38
99 481 22
133 860 61
481 836 79
689 232 38
541 20 58
551 594 89
636 660 85
786 635 6
188 232 15
431 813 81
120 912 62
141 397 74
701 879 11
931 920 43
368 461 16
377 364 10
317 353 22
402 139 57
907 679 42
574 110 55
154 582 68
567 723 17
840 424 48
302 708 69
645 428 82
712 806 47
373 123 52
694 877 43
3 785 22
544 711 84
898 865 66
517 784 41
534 976 65
133 279 25
301 276 54
635 988 60
333 361 35
384 407 13
926 410 50
499 954 61
182 853 78
799 722 62
139 608 90
255 742 69
80 395 97
685 30 85
744 363 98
630 747 6
42 25 68
591 524 23
203 58 28
680 857 50
293 348 59
883 956 53
103 388 48
600 73 79
436 817 42
634 447 42
591 842 67
958 785 92
632 989 2
159 669 60
761 315 60
971 550 16
923 653 56
270 253 29
0 690 98
742 676 98
935 267 40
801 577 25
544 210 66
346 369 88
357 482 3
716 453 53
384 376 58
439 999 64
568 999 6
217 93 82
314 28 1
605 830 78
330 726 40
747 72 62
834 429 44
588 498 98
892 234 26
850 673 77
413 593 77
370 811 70
651 477 51
903 83 33
732 765 59
772 512 84
885 699 65
128 287 63
177 532 97
955 734 23
731 499 68
859 869 31
729 872 61
331 775 44
763 859 9
273 983 73
856 868 72
221 997 12
435 526 44
884 481 78
358 213 77
425 72 98
8 153 70
68 836 45
211 599 56
471 225 40
243 81 8
67 654 5
178 90 84
173 326 65
902 684 30
778 461 55
227 469 8
196 889 45
940 452 96
895 923 73
186 519 55
994 586 61
150 764 3
833 289 29
350 191 13
79 321 75
233 548 96
893 744 86
389 36 38
836 283 14
509 470 33
615 464 19
375 614 35
578 800 24
106 150 15
671 229 36
697 815 36
192 708 80
929 449 16
767 285 99
880 794 69
864 409 85
82 137 52
768 715 52
391 173 2
557 196 83
44 893 98
79 86 58
858 15 7
25 134 93
475 366 39
396 230 49
780 312 86
483 80 53
634 823 78
287 380 75
522 776 68
219 855 6
329 65 74
887 442 8
379 918 75
370 314 57
770 446 22
307 930 2
559 564 78
688 204 10
662 726 87
882 297 94
539 626 60
212 514 2
372 245 72
898 615 86
654 737 85
75 44 15
929 955 31
606 644 35
15 306 13
553 540 11
947 80 89
758 644 3
659 16 1
831 914 68
668 921 6
952 996 50
518 925 6
649 883 2
335 251 60
748 804 1
458 103 33
146 861 77
701 873 46
853 56 12
972 76 33
477 29 30
379 547 7
236 548 43
737 884 46
896 632 2
948 442 6
432 940 19
209 641 92
706 846 48
117 819 25
450 648 6
131 27 5
89 615 54
931 704 90
376 953 74
330 901 68
35 334 8
953 895 2
97 953 48
296 70 67
572 872 16
877 3 95
434 93 11
539 376 15
528 105 68
853 435 22
620 822 8
327 127 55
28 224 8
576 521 78
294 93 51
309 323 6
56 757 51
66 648 80
132 176 37
152 381 24
73 1 46
32 680 73
886 61 98
45 989 71
274 283 64
24 945 39
482 1 96
32 67 44
663 551 72
399 703 5
922 776 6
267 808 39
92 46 100
141 91 89
711 366 24
726 742 69
65 224 70
160 609 89
256 272 41
879 24 44
884 946 73
241 566 33
279 10 80
730 151 23
170 862 89
894 588 84
562 5 8
584 166 69
672 774 94
664 653 18
360 889 16
832 131 34
464 762 44
495 845 95
618 15 9
106 909 50
689 824 55
849 760 73
969 784 99
362 449 53
131 809 94
199 993 25
832 809 40
828 305 85
974 923 52
335 381 14
284 71 38
590 272 98
415 241 82
13 956 83
265 439 44
111 638 37
735 823 47
826 651 52
762 977 27
714 312 8
927 948 31
316 539 3
113 954 97
46 967 53
429 585 92
324 696 83
861 783 6
559 962 9
562 724 86
488 438 51
147 717 99
878 33 90
880 146 44
476 545 64
380 326 1
724 650 49
706 863 84
863 422 46
23 336 71
160 176 61
610 324 79
9 202 12
298 434 11
894 263 56
809 643 34
309 367 84
209 425 48
892 640 22
538 663 11
260 824 87
420 786 63
298 147 17
562 798 52
972 44 15
279 853 10
912 514 30
547 723 55
694 615 96
968 153 11
930 765 87
68 186 74
531 836 21
547 398 19
998 722 63
64 1 68
774 265 82
203 813 5
409 859 73
256 827 78
767 109 44
453 178 30
926 709 66
899 608 17
669 607 39
484 23 93
151 149 58
333 704 71
589 114 31
461 370 10
191 489 20
334 943 98
15 221 59
532 472 67
448 142 26
439 626 2
431 129 51
688 462 56
111 404 22
41 217 44
150 408 34
721 94 29
118 109 2
928 642 75
347 442 17
372 881 95
125 664 24
676 705 39
283 816 95
4 857 12
447 359 73
380 81 19
960 551 29
762 832 23
36 179 17
804 903 51
198 29 15
73 57 72
411 340 88
505 344 97
169 791 57
593 524 90
111 484 93
91 598 25
65 634 4
482 790 60
484 988 89
798 62 46
522 825 86
709 683 82
106 852 73
214 445 97
755 908 34
847 0 32
772 65 19
227 899 9
586 383 50
326 534 64
123 56 89
260 765 72
741 223 76
14 789 73
162 544 34
147 392 34
731 164 51
949 743 51
957 330 34
306 8 20
69 132 76
10 392 94
633 486 17
461 500 7
85 14 51
618 514 95
151 245 59
454 194 3
304 503 85
889 162 45
9 583 77
536 945 22
829 579 8
346 392 60
4 477 26
854 96 40
449 247 37
559 53 83
413 357 87
949 599 1
494 960 36
522 496 82
943 326 13
202 672 5
961 676 82
87 882 78
78 683 78
315 595 31
97 360 41
735 310 40
887 156 52
623 678 48
304 974 74
268 176 98
272 138 26
753 577 9
683 7 44
212 322 91
442 772 52
734 507 14
625 747 22
476 370 100
824 26 26
849 294 3
547 566 93
272 671 22
232 706 29
228 918 4
818 713 76
121 447 35
86 425 82
207 901 4
359 77 30
484 927 76
786 826 42
930 450 66
651 35 72
380 263 43
783 433 56
310 907 55
344 993 80
478 201 82
981 912 59
863 396 38
38 535 16
132 465 67
897 469 2
720 201 65
462 336 50
269 646 57
524 342 3
203 820 56
136 802 68
795 665 64
84 55 51
200 187 69
766 84 38
719 157 91
935 619 27
584 241 73
493 765 67
395 968 88
850 105 42
217 252 59
332 688 14
983 240 2
803 6 38
740 77 95
230 12 67
408 597 8
880 90 73
398 837 93
385 687 50
878 256 54
388 588 43
602 923 83
355 726 42
192 818 19
187 48 32
505 456 81
712 688 23
36 439 60
680 824 47
430 55 3
783 443 43
177 45 19
812 752 45
453 945 64
523 484 64
606 989 73
286 53 13
408 89 52
367 769 29
365 551 84
619 687 79
462 864 77
580 676 29
776 129 74
439 5 10
855 611 99
79 898 52
991 658 93
343 378 15
223 743 66
158 363 53
536 177 18
312 109 46
193 885 28
666 677 33
328 532 44
978 611 94
682 954 5
474 649 83
388 872 26
206 30 41
710 919 70
79 583 79
125 776 65
652 795 42
184 123 26
679 101 89
425 783 43
829 258 45
611 998 17
488 556 100
81 267 19
850 346 2
729 471 31
845 475 26
638 11 49
315 43 50
603 468 34
197 649 44
441 612 94
910 100 3
409 533 70
179 384 68
532 465 92
662 310 67
587 300 79
635 615 22
137 570 42
422 767 91
317 209 3
562 471 55
364 880 89
785 411 25
553 943 42
144 958 4
562 897 4
640 885 71
113 22 41
54 796 8
644 113 69
198 27 40
205 744 72
745 529 35
669 434 31
762 930 89
165 493 86
220 133 71
890 247 45
130 653 41
489 650 6
410 848 86
801 53 30
425 798 59
459 819 94
789 933 24
77 98 17
615 670 3
37 560 2
482 42 55
74 884 5
132 294 6
217 447 59
46 872 10
404 332 81
549 121 15
625 551 65
193 166 36
895 555 48
548 37 43
503 464 27
107 596 73
912 813 20
123 859 93
484 615 77
664 517 50
130 142 1
695 687 19
282 583 27
429 483 64
971 986 80
749 446 76
821 710 41
693 185 52
437 669 68
513 686 85
414 816 79
867 511 66
837 145 1
363 575 85
279 898 23
658 648 69
634 821 32
126 514 17
478 303 87
797 816 25
281 231 41
611 98 5
628 935 50
229 651 77
665 930 76
87 588 76
308 574 49
239 701 16
707 531 19
845 328 88
669 961 71
310 572 21
166 200 8
815 781 59
392 798 89
219 238 30
46 546 4
46 137 57
561 844 88
380 42 16
719 711 77
289 373 1
309 539 54
616 707 35
575 451 86
815 22 24
644 68 22
400 466 59
856 28 55
844 760 97
511 479 61
788 120 34
988 429 74
741 397 33
628 324 84
313 140 6
588 136 26
409 536 92
719 393 72
225 589 84
422 100 63
682 888 83
315 229 64
840 970 62
424 950 38
107 615 30
164 203 67
641 964 3
585 35 48
556 261 37
640 683 90
554 717 78
589 384 59
52 577 82
265 1 32
155 461 100
184 625 3
350 267 20
405 852 55
204 760 16
593 752 51
82 307 68
811 896 53
770 300 30
51 918 83
634 73 44
833 609 70
588 960 89
307 717 93
413 273 5
429 866 58
479 948 65
599 760 13
751 882 13
832 285 83
914 919 56
458 105 66
979 693 78
119 352 47
111 117 20
215 898 87
72 730 87
588 329 99
0 432 81
65 616 18
47 530 38
455 340 95
120 671 40
449 790 44
495 253 61
166 821 60
704 245 90
543 834 71
141 186 55
974 251 71
91 651 53
480 106 46
326 578 17
865 27 8
108 874 13
469 392 34
80 97 80
421 640 14
91 133 52
545 459 4
967 903 55
919 735 13
564 62 91
233 927 18
692 36 44
404 857 36
938 289 85
717 710 77
682 153 63
185 50 22
588 17 77
994 288 13
506 853 75
948 86 54
65 778 42
760 534 99
848 472 88
32 541 50
561 575 3
223 761 5
344 701 22
73 48 63
185 554 16
711 855 54
164 272 84
6 33 18
56 881 43
396 265 84
445 826 12
0 49 73
956 746 74
930 819 22
192 4 29
659 67 36
564 231 8
247 589 41
816 646 74
210 394 40
146 191 18
657 191 68
929 148 66
254 78 85
628 622 41
908 281 8
43 845 91
450 444 81
243 260 79
268 823 25
207 969 16
677 626 60
844 907 60
109 161 90
545 141 12
985 401 93
844 796 90
286 599 34
318 842 46
348 110 69
772 670 38
388 347 64
547 543 23
206 4 37
295 549 78
6 886 32
350 82 28
539 368 27
172 687 69
769 35 32
838 808 54
227 548 53
243 447 96
165 653 52
601 300 1
531 658 39
862 8 21
989 899 41
716 423 28
636 192 16
19 382 76
72 610 76
824 853 23
471 370 76
122 972 28
674 503 86
112 365 94
984 706 45
577 774 68
856 411 60
171 430 43
998 855 5
373 31 10
195 855 80
22 977 4
149 4 59
934 468 76
79 805 83
123 382 57
590 238 20
602 762 3
996 760 58
0 134 41
561 681 96
492 704 26
396 853 30
154 788 98
630 867 55
164 343 37
120 933 76
840 887 38
694 883 98
51 235 84
143 796 66
739 289 70
16 37 75
945 543 63
694 525 83
249 689 26
537 162 11
712 354 99
1 48 82
51 99 18
234 594 66
451 333 7
372 349 96
147 646 40
709 693 65
843 294 7
968 831 69
731 544 23
29 897 71
562 948 22
331 183 16
897 986 2
455 359 3
51 506 2
542 567 95
206 411 89
264 731 72
132 814 16
354 843 14
976 758 14
49 89 97
365 338 84
718 794 95
420 197 1
473 739 68
867 297 31
907 562 15
779 694 29
546 401 73
211 377 31
825 427 72
973 144 11
108 862 5
602 634 2
602 108 93
522 327 90
852 235 52
266 366 47
847 264 100
919 476 29
101 653 8
372 626 52
334 735 66
738 337 53
691 292 13
735 814 40
725 18 27
276 637 45
874 484 10
873 755 86
602 208 91
109 580 17
113 915 4
330 5 94
182 49 86
494 784 52
486 861 22
64 138 59
9 364 95
218 590 50
255 544 10
945 5 91
261 118 58
17 801 15
110 983 16
847 830 53
398 668 14
671 732 4
230 741 69
976 959 11
478 214 55
187 511 60
829 125 31
738 142 32
653 252 15
320 451 97
772 849 65
86 520 98
241 102 39
409 431 51
871 909 17
525 448 29
537 278 54
667 16 96
598 21 100
864 342 51
313 466 52
77 552 24
926 146 79
165 907 10
67 779 71
183 304 19
811 841 49
564 508 66
811 458 39
662 675 33
612 988 100
763 65 4
139 992 50
617 509 58
878 576 37
48 111 93
18 923 35
267 839 95
884 3 6
522 665 81
207 630 69
6 393 86
709 532 78
911 501 39
668 379 67
556 779 79
748 798 54
134 417 45
381 301 48
86 175 66
818 382 96
186 740 41
971 802 26
101 713 27
739 733 59
658 289 38
336 37 36
289 524 53
433 905 6
933 343 82
98 161 16
245 699 57
785 22 59
210 475 24
137 567 57
147 225 46
584 561 35
172 202 59
824 987 16
482 920 59
315 370 72
530 615 23
838 401 46
948 963 21
123 452 88
679 599 13
876 184 26
111 356 28
221 532 16
589 14 88
299 329 59
171 212 26
93 402 79
390 703 43
811 826 95
150 506 95
715 734 31
840 197 87
520 419 71
835 360 86
774 659 67
84 182 31
10 276 86
40 18 89
682 181 15
129 332 73
175 47 60
405 239 57
343 759 28
813 946 88
650 721 48
169 157 30
251 167 58
736 208 77
276 242 58
643 723 42
515 898 41
474 655 81
983 350 92
910 516 91
198 166 12
497 687 21
978 939 89
736 27 49
864 304 43
173 947 67
815 814 65
207 641 73
487 624 23
231 886 39
921 84 6
684 933 45
604 912 84
44 0 64
44 864 68
287 37 67
253 204 33
469 412 74
341 251 50
564 834 37
302 755 73
559 791 59
504 748 71
739 792 23
354 189 87
921 476 76
139 81 33
172 550 97
197 244 48
199 808 83
87 462 90
59 374 34
317 230 82
839 969 26
361 676 15
99 949 43
227 89 76
911 613 79
7 810 23
354 361 83
888 448 97
530 860 71
963 177 1
496 369 23
821 82 99
688 534 48
382 761 89
158 672 2
836 679 65
758 385 26
840 626 75
736 156 35
359 119 64
859 615 85
681 788 20
531 476 54
331 211 67
219 369 39
73 205 70
737 315 7
114 507 33
940 595 41
274 954 60
490 814 27
426 847 68
445 731 96
998 62 7
664 633 76
354 706 33
75 795 48
534 910 55
618 850 51
859 477 5
570 319 71
897 745 71
716 543 54
11 541 68
518 558 1
393 264 8
826 692 55
925 226 65
180 844 68
30 703 97
186 626 16
509 875 13
31 591 56
284 602 50
951 120 8
603 866 24
610 44 16
765 969 42
181 149 39
448 531 94
896 70 20
311 931 95
176 962 86
231 598 41
532 901 61
391 504 79
515 467 23
330 584 45
724 765 46
962 566 78
255 814 100
175 126 31
321 654 45
707 237 43
47 770 96
859 161 100
538 28 19
612 711 3
656 435 21
202 749 39
631 4 53
130 531 31
912 205 85
656 264 75
350 663 45
945 522 58
44 412 39
963 377 50
817 385 85
437 939 86
327 570 42
32 52 74
862 316 31
699 972 95
773 322 58
969 619 32
326 664 97
64 979 74
865 148 11
101 938 51
86 265 73
428 297 26
653 512 42
83 211 67
777 336 41
486 305 61
717 983 77
713 400 8
438 265 56
549 367 46
951 453 64
923 233 13
300 886 25
994 321 88
660 450 24
352 936 29
312 6 13
640 719 13
947 510 30
755 411 97
852 362 3
215 285 88
228 938 27
752 932 48
840 592 99
615 296 87
696 609 93
408 601 65
872 901 75
953 8 86
50 860 100
304 76 37
791 656 75
869 760 7
917 952 51
767 568 48
553 264 9
346 24 10
210 248 11
936 201 71
73 251 32
572 907 60
60 51 16
135 920 76
141 189 29
444 308 49
691 862 13
251 560 37
60 122 37
123 58 38
193 483 42
476 55 49
835 467 52
202 602 25
330 96 14
410 540 23
58 583 37
322 834 97
610 246 71
146 369 29
883 915 64
224 391 71
825 579 38
476 133 41
752 463 89
218 873 29
640 283 64
628 605 98
176 215 44
846 713 66
926 597 33
489 173 76
459 998 55
248 827 41
288 579 4
776 149 30
156 141 13
119 769 71
268 945 38
312 143 52
429 421 49
461 910 74
236 721 73
943 970 52
783 610 83
438 739 33
967 895 74
132 367 44
902 635 41
591 947 37
642 728 58
642 189 21
816 778 94
340 721 64
43 504 27
325 294 66
757 262 13
331 746 80
26 0 16
18 591 15
154 234 44
64 228 85
884 396 63
777 736 84
993 779 40
819 457 35
736 214 49
548 897 95
728 275 95
895 646 38
9 800 72
204 216 53
589 100 49
751 230 38
987 223 17
78 394 74
464 482 41
112 382 90
858 110 66
604 357 12
942 367 64
865 571 81
17 160 33
918 264 63
555 251 38
323 681 84
549 146 66
341 610 49
30 821 11
347 425 69
310 719 88
74 585 11
406 954 24
838 224 88
853 779 91
90 455 72
74 4 70
891 345 81
91 375 2
754 75 79
774 385 99
161 459 36
471 217 42
294 56 67
733 909 98
423 351 53
147 425 57
16 669 54
848 112 82
149 866 57
228 640 42
378 801 54
113 625 71
506 271 27
772 5 88
170 780 40
374 279 17
231 296 38
136 496 51
417 646 17
773 226 58
515 956 11
68 69 88
190 927 12
17 52 17
456 222 49
895 948 29
464 179 77
701 316 25
51 85 71
620 859 49
829 726 5
191 146 26
179 336 54
790 705 6
758 162 80
858 409 28
238 873 60
266 927 28
791 330 13
313 950 24
62 779 50
118 323 48
244 854 85
649 996 42
106 754 4
785 964 66
764 555 91
923 821 18
102 964 49
367 278 99
490 692 31
692 810 6
39 406 60
75 407 56
817 513 62
72 650 26
737 415 81
628 690 55
797 793 19
945 512 97
396 2 41
978 694 4
883 86 10
642 161 18
397 330 31
258 403 82
435 492 49
168 472 39
722 270 84
592 567 96
741 963 51
581 293 97
584 176 83
346 818 97
163 567 27
845 177 82
178 965 27
926 133 99
717 855 21
652 447 89
100 188 4
550 122 98
46 706 74
981 52 45
77 567 64
855 765 42
37 943 7
63 222 92
913 291 99
34 943 98
722 43 39
725 945 61
374 344 19
200 325 24
844 402 91
759 257 8
852 646 4
910 61 26
101 975 69
499 9 64
697 83 60
435 160 5
647 535 49
565 735 74
888 931 28
131 42 38
138 895 84
441 157 46
318 259 73
486 110 34
950 159 17
809 594 29
965 593 64
114 159 51
939 47 34
167 530 77
356 669 24
191 110 81
88 781 92
960 267 3
193 569 62
861 730 9
690 696 2
405 162 13
856 101 13
941 620 43
69 976 12
92 168 75
625 256 56
416 569 75
318 762 97
732 624 27
740 666 23
693 71 85
806 279 39
318 221 59
712 290 88
424 735 56
950 360 64
905 776 33
831 447 48
327 179 72
554 271 38
828 316 61
265 474 41
803 144 62
961 857 4
800 281 39
455 231 99
71 488 28
903 319 75
850 999 6
773 905 29
362 733 45
23 350 72
963 153 16
124 467 73
927 267 6
818 75 37
716 146 77
95 401 49
921 252 48
278 377 5
906 740 90
203 763 41
974 78 94
241 554 13
14 833 81
419 651 8
408 720 54
236 815 55
384 737 59
883 15 37
287 274 29
777 829 92
617 803 70
962 396 76
775 410 9
207 182 61
714 590 81
719 826 96
125 563 85
784 446 53
172 86 27
300 215 56
543 832 11
864 146 7
739 273 70
447 832 52
807 546 94
887 617 72
135 743 35
119 879 34
823 51 20
449 351 35
256 894 19
218 758 17
577 849 91
346 296 23
649 104 22
542 343 91
613 830 34
600 302 13
385 125 16
904 927 19
990 535 65
260 754 75
676 683 24
718 381 21
593 30 77
366 924 72
756 889 3
890 489 57
254 874 34
670 130 61
788 472 97
153 732 3
627 761 38
303 831 19
923 424 49
351 790 73
122 547 62
76 789 4
332 43 30
66 65 61
78 206 33
626 711 18
280 690 79
617 993 62
335 916 87
83 619 29
107 742 28
669 170 17
424 855 13
53 273 30
813 351 36
398 978 99
715 258 90
145 876 83
758 563 52
444 647 71
625 754 65
352 775 36
221 199 43
133 605 16
814 418 67
350 168 97
300 235 8
589 732 36
224 491 99
775 935 98
297 912 5
914 265 80
701 486 32
343 971 89
258 785 7
876 487 28
473 788 63
32 377 96
467 601 87
465 728 74
815 378 87
919 292 4
150 993 90
933 688 61
321 946 46
480 174 34
807 999 22
369 31 51
16 498 53
802 316 33
228 483 11
566 402 3
169 552 48
610 838 36
670 159 34
867 639 9
552 446 8
673 168 92
876 184 90
328 339 58
212 567 41
123 485 95
325 654 100
225 264 38
460 286 97
994 153 37
54 706 35
761 731 3
852 959 88
794 639 27
403 852 46
496 975 31
342 652 37
741 877 53
978 690 91
727 684 44
115 90 2
949 851 86
304 56 45
843 202 37
721 957 89
166 453 64
448 796 68
736 889 46
288 868 36
478 595 72
173 710 62
927 11 65
764 315 73
560 158 75
996 879 85
284 397 38
899 197 86
167 933 76
664 573 96
851 403 91
722 929 53
35 856 64
551 972 32
124 532 90
250 881 22
334 517 19
224 417 17
909 936 50
836 600 76
631 803 79
373 877 8
177 912 16
993 463 40
124 587 25
413 190 6
286 524 23
205 748 92
673 658 28
74 846 80
49 830 35
780 555 12
87 733 76
955 726 40
146 850 79
870 615 69
475 902 94
950 459 42
193 132 52
373 206 51
504 608 81
439 388 88
250 827 21
326 134 99
217 281 1
47 151 69
716 979 23
261 281 82
554 474 66
858 847 24
8 352 84
340 143 72
227 393 52
200 71 86
898 288 19
151 336 71
19 404 2
141 17 83
74 571 9
491 781 9
466 789 13
50 481 56
373 709 1
524 261 73
162 159 13
80 662 1
150 681 5
903 174 22
937 600 46
446 91 27
506 558 69
918 960 50
825 333 11
125 858 72
849 20 84
862 100 46
562 603 80
19 506 54
492 444 7
537 242 98
716 748 8
36 666 68
485 491 54
348 968 12
471 818 84
754 680 36
700 594 39
679 613 98
184 458 94
290 995 36
840 63 84
299 99 2
719 937 45
472 285 13
83 756 83
418 863 15
853 915 10
892 946 75
141 130 33
834 773 81
769 613 96
804 912 96
857 631 85
401 103 22
265 538 30
948 308 93
662 162 8
323 406 54
950 547 37
682 381 10
114 502 75
610 306 39
557 515 71
441 916 26
962 533 17
591 833 25
84 848 39
843 171 45
549 121 92
385 156 25
346 270 27
920 232 85
758 789 100
580 230 16
858 192 2
26 136 35
150 220 35
141 415 7
185 964 80
129 349 88
453 47 11
280 967 43
764 78 85
764 658 15
31 868 60
832 894 96
819 397 68
653 538 83
11 723 48
843 852 49
830 306 97
792 938 16
635 702 94
619 466 5
185 850 73
296 34 68
191 205 65
10 859 3
893 222 78
92 65 31
640 248 89
588 40 27
504 27 81
497 998 48
501 536 50
726 832 84
493 376 90
657 386 1
359 279 75
488 723 93
118 364 41
758 304 33
336 808 13
617 658 63
364 511 99
665 237 84
648 730 60
189 739 46
589 450 78
564 939 53
956 409 69
948 168 74
332 504 34
744 121 92
507 837 56
157 854 45
640 503 28
851 44 67
449 986 18
678 550 9
630 858 18
299 158 38
272 490 95
405 587 68
549 446 58
204 955 12
448 596 67
775 447 12
194 248 98
63 926 100
871 557 10
440 856 68
530 128 10
476 885 49
543 434 95
800 990 51
264 791 99
230 918 98
593 112 47
942 175 73
841 398 82
302 191 38
921 721 18
31 197 56
79 92 90
926 245 33
728 509 76
126 91 94
675 685 7
473 979 34
198 173 33
479 475 24
617 397 97
586 780 94
441 859 86
83 137 31
715 865 92
842 343 84
535 371 21
693 844 52
27 42 25
111 874 1
386 491 50
382 429 30
927 871 41
564 954 79
447 21 44
838 863 40
673 750 11
545 444 7
